736 75 529 647 624 729 912 702 806 
380 592 
730 294 332 
274 464 11 
211 588 252 142 
190 160 618 685 
44 27 
715 198 238 67 20 289 386 177 441 951 178 110 443 679 116 250 744 447 
911 947 475 656 
513 452 246 621 753 200 948 386 838 903 225 339 250 221 401 
490 489 283 509 163 971 126 468 503 
157 787 371 31 932 71 328 645 235 379 183 250 848 209 436 522 954 216 
434 584 848 682 323 281 614 217 945 553 602 353 729 381 861 
273 480 47 886 583 719 359 804 
805 346 493 578 697 134 135 226 93 21 948 943 516 508 260 856 543 
989 980 338 
511 405 185 674 8 416 
346 39 878 799 67 977 938 646 140 734 
454 791 151 992 443 917 882 923 428 86 388 692 890 613 
990 466 3 129 935 404 184 519 502 238 624 294 
737 41 547 42 286 421 401 451 992 121 199 30 785 420 423 414 
546 868 393 668 330 437 227 310 105 950 717 3 240 579 330 
686 657 902 634 714 938 623 941 597 466 830 236 144 838 97 742 42 565 568 986 
566 573 66 650 
233 522 195 788 975 948 937 56 395 957 188 952 950 495 811 
517 539 152 927 670 
460 387 392 142 982 745 58 
996 386 740 909 620 553 300 99 200 301 332 
346 454 270 578 923 685 339 
234 31 482 396 96 842 855 
281 945 617 482 92 804 570 225 526 185 755 256 737 27 860 322 146 
863 324 505 306 541 149 664 465 
932 156 217 
859 203 62 
338 984 70 895 692 497 974 751 861 324 864 233 
488 830 604 2 764 
753 371 641 869 870 671 
516 769 378 262 758 665 758 934 579 261 289 739 767 
101 664 738 470 391 201 707 50 36 743 194 
793 591 76 228 116 842 304 343 797 
885 164 369 620 207 957 540 242 24 
887 880 446 211 1000 443 280 380 1000 142 647 859 976 
615 828 822 254 545 358 343 578 763 967 941 973 982 395 327 841 109 
740 513 420 648 182 259 646 232 
502 679 552 
922 680 824 867 997 396 748 134 810 137 843 679 325 
3 422 817 973 292 612 496 280 71 896 115 724 632 725 977 927 351 909 
513 61 725 962 927 
206 352 879 857 148 931 356 150 862 54 594 864 624 6 
499 831 748 633 623 983 904 194 508 378 50 187 306 283 519 
437 149 258 804 213 121 797 563 695 363 209 924 677 491 822 
