12 353 252 148 48 26 42 96 
121 226 358 304 472 461 456 29 338 436 100 203 99 486 257 
323 440 5 28 388 445 281 454 57 400 190 210 296 304 484 170 173 
364 463 68 454 129 374 55 
99 311 437 417 268 410 358 255 
412 152 371 4 55 47 289 16 100 1 332 341 54 459 
339 253 37 397 15 286 257 13 204 127 144 412 21 111 343 349 260 407 273 
2 195 235 183 246 230 294 329 311 429 133 418 213 309 336 271 164 314 2 217 
42 245 234 350 188 317 311 
288 395 298 264 
295 62 111 396 446 127 114 22 161 261 169 482 329 430 265 221 441 342 414 51 
86 395 
405 189 166 74 41 415 188 302 312 99 477 445 105 
326 382 375 6 192 47 294 151 265 299 433 19 464 7 151 152 6 361 343 464 
138 425 
69 124 170 91 445 197 465 160 259 88 477 250 128 28 270 436 295 
417 134 20 483 422 471 79 256 486 229 367 428 388 449 386 480 
84 216 152 
440 492 372 171 84 116 413 190 302 350 364 143 460 344 140 450 67 
138 256 77 264 59 89 139 368 242 227 425 153 84 322 317 219 384 10 
102 8 270 207 427 72 143 162 320 27 220 376 216 212 404 448 60 
147 453 231 255 100 143 218 415 311 29 391 
186 430 273 129 359 263 191 149 115 204 348 486 105 165 
425 50 314 31 322 7 258 312 156 312 490 459 486 67 276 
302 205 172 208 177 
351 451 343 444 421 
337 394 138 368 179 112 268 307 102 115 412 
461 167 78 232 373 12 405 335 50 487 259 
330 263 162 45 186 165 5 55 245 31 40 421 439 105 419 16 49 442 366 
52 333 134 417 320 114 35 322 3 411 145 87 
209 45 22 121 18 225 54 180 340 318 417 367 289 476 127 226 246 
398 135 410 433 70 144 493 466 32 54 260 301 226 
333 118 497 37 103 314 324 239 368 178 444 309 418 230 
33 457 361 4 147 477 312 144 370 111 216 33 200 156 
62 470 228 468 347 273 317 68 112 439 438 70 112 123 391 88 213 
81 490 162 422 72 344 182 378 500 183 
383 109 444 399 211 8 303 298 225 138 342 92 458 228 86 236 435 
458 313 183 151 404 
207 419 217 33 
317 483 67 49 467 70 129 221 371 106 215 192 476 203 495 95 112 148 
297 85 284 410 
